$ 3 0.000005 382.76258214399064 99 5 43 5e-11
155 160 224 192 224 0 0
155 352 224 368 224 0 0
155 560 224 576 224 0 0
R 48 256 16 256 1 2 200 2.5 2.5 0 0.5
w 48 256 160 256 0
w 160 256 160 352 0
w 352 256 352 352 0
w 160 352 352 352 0
w 560 256 560 352 0
w 352 352 560 352 0
w 256 224 352 224 0
w 448 224 560 224 0
162 256 224 256 144 2 default-led 1 0 0 0.01
162 448 224 448 144 2 default-led 1 0 0 0.01
162 656 224 656 144 2 default-led 1 0 0 0.01
g 256 144 256 96 0 0
g 448 144 448 96 0 0
g 656 144 656 96 0 0
w 656 224 720 224 0
155 784 224 800 224 0 5
w 560 352 752 352 0
w 752 352 752 256 0
w 752 256 784 256 0
w 720 224 784 224 0
162 880 224 880 144 2 default-led 1 0 0 0.01
g 880 144 880 80 0 0
162 240 480 240 544 2 default-led 1 0 0 0.01
162 448 480 448 544 2 default-led 1 0 0 0.01
162 656 480 656 544 2 default-led 1 0 0 0.01
162 880 480 880 544 2 default-led 1 0 0 0.01
w 656 224 688 256 0
w 688 368 240 368 0
w 240 368 240 480 0
w 256 224 288 256 0
w 288 256 288 400 0
w 288 400 656 400 0
w 656 400 656 480 0
w 448 224 480 256 0
w 480 256 480 384 0
w 480 384 880 384 0
w 880 384 880 480 0
w 880 224 944 224 0
w 944 224 944 432 0
w 944 432 448 432 0
w 448 432 448 480 0
g 240 544 240 576 0 0
g 448 544 448 576 0 0
g 656 544 656 576 0 0
g 880 544 880 592 0 0
w 160 16 1040 16 0
I 1040 64 1040 16 0 0.5 5
w 880 288 1040 288 0
w 1040 288 1040 64 0
w 160 16 160 224 0
x 525 -6 682 -3 4 40 Cilindro1
x 541 677 698 680 4 40 Cilindro2
x 278 155 342 158 4 20 Ignicao
x 468 151 551 154 4 20 Exaustão
x 685 152 772 155 4 20 Admissão
x 897 151 1010 154 4 20 Compressão
x 270 491 334 494 4 20 Ignicao
x 477 499 560 502 4 20 Exaustão
x 684 496 771 499 4 20 Admissão
x 909 487 1022 490 4 20 Compressão
164 1200 448 1216 448 0 4 5 5 5 0 false 0
164 1200 272 1240 272 0 4 0 0 0 0 false 0
162 1296 544 1376 544 2 default-led 1 0 0 0.01
162 1296 512 1376 512 2 default-led 1 0 0 0.01
162 1296 480 1376 480 2 default-led 1 0 0 0.01
162 1296 448 1376 448 2 default-led 1 0 0 0.01
162 1296 368 1376 368 2 default-led 1 0 0 0.01
162 1296 336 1376 336 2 default-led 1 0 0 0.01
162 1296 304 1376 304 2 default-led 1 0 0 0.01
162 1296 272 1376 272 2 default-led 1 0 0 0.01
g 1376 544 1376 576 0 0
w 1376 448 1376 480 0
w 1376 480 1376 512 0
w 1376 512 1376 544 0
w 1376 272 1376 304 0
w 1376 304 1376 336 0
w 1376 336 1376 368 0
w 1104 400 1104 448 0
w 1104 448 1200 448 0
w 688 368 1104 368 0
d 1104 368 1104 400 2 default
d 1048 400 1104 400 2 default
w 1048 400 656 400 0
w 688 368 688 256 0
w 1296 448 1320 464 0
w 1296 480 1312 488 0
w 1312 488 1312 616 0
w 1296 512 1304 552 0
w 1160 272 1200 272 0
164 1200 32 1240 32 0 4 0 0 0 0 false 0
162 1296 32 1376 32 2 default-led 1 0 0 0.01
162 1296 64 1376 64 2 default-led 1 0 0 0.01
162 1296 96 1376 96 2 default-led 1 0 0 0.01
162 1296 128 1376 128 2 default-led 1 0 0 0.01
w 1168 32 1200 32 0
w 1304 296 1296 304 0
w 1312 320 1296 336 0
w 1320 352 1296 368 0
w 1376 32 1376 64 0
w 1376 64 1376 96 0
w 1376 96 1376 128 0
w 1376 128 1376 272 0
w 1376 368 1376 448 0
x 1105 -52 1500 -49 4 40 Contador\s2^12\s\q\s8192
150 1248 608 1200 608 1 4 0 5
w 1248 592 1296 592 0
w 1296 544 1296 592 0
w 1248 600 1304 600 0
w 1304 552 1304 600 0
w 1248 616 1312 616 0
w 1248 624 1320 624 0
w 1320 464 1320 624 0
w 1160 272 1160 608 0
w 1160 608 1200 608 0
150 1272 208 1224 208 1 4 0 5
w 1296 272 1296 224 0
w 1272 224 1296 224 0
w 1304 296 1304 216 0
w 1272 216 1304 216 0
w 1312 320 1312 200 0
w 1272 200 1312 200 0
w 1272 192 1320 192 0
w 1320 192 1320 352 0
w 1224 208 1168 208 0
w 1168 32 1168 208 0
